1 11
5 8
6 9
12 7
13 9
16 3
17 7
18 9
20 7
21 9
23 3
24 9
26 7
27 5
29 9
31 7
32 9
35 3
36 9
38 7
39 9
41 7
42 9
44 7
45 9
47 9
49 7
50 5
52 9
54 7
55 9
56 5
58 9
60 9
61 5
63 9
65 7
66 5
69 7
70 9
72 7
73 9
75 7
76 9
78 9
80 7
81 9
83 3
84 9
86 7
87 9
89 7
90 9
92 7
93 9
95 7
97 3
98 9
99 5
101 9
102 5
105 3
106 9
108 7
109 9
111 7
112 9
114 3
115 9
117 7
118 9
119 5
121 9
122 5
123 9
125 7
126 9
128 3
129 9
130 7
131 9
133 7
134 9
136 7
137 9
139 7
140 9
142 7
143 9
145 9
146 5
148 9
150 7
151 9
153 7
154 9
155 5
157 9
158 5
160 9
162 3
163 9
165 3
166 9
168 7
169 9
170 3
171 9
173 7
174 5
176 9
178 7
179 9
181 7
182 9
184 7
185 5
187 9
189 9
191 3
192 9
194 7
195 9
197 7
198 9
200 7
201 9
203 7
204 9
206 7
207 9
209 9
211 3
212 9
284 7
286 3
287 7
289 3
290 7
292 3
293 7
295 7
297 3
298 7
300 3
301 7
303 3
304 7
306 3
307 7
309 3
310 7
312 3
313 7
315 3
316 7
318 3
319 7
321 3
322 7
324 3
325 7
327 3
328 7
330 3
331 7
333 3
334 7
336 3
337 7
339 3
340 7
342 3
343 7
345 3
346 7
348 3
349 7
351 3
352 7
354 3
355 7
356 3
357 7
359 7
361 3
362 7
364 3
365 7
367 3
368 7
370 3
371 7
373 3
374 7
376 3
377 7
379 3
380 7
382 3
383 7
385 3
386 7
388 3
389 7
391 3
392 7
394 3
395 7
397 3
398 7
400 3
401 7
402 3
404 3
405 7
407 3
408 7
410 3
411 7
413 3
414 7
416 3
417 7
419 3
420 7
422 3
423 12
425 7
426 12
428 7
429 12
430 8
432 12
434 7
435 12
437 9
438 12
439 10
440 12
441 8
443 12
445 9
446 12
448 7
449 8
452 7
453 12
455 9
457 3
458 12
459 8
461 12
463 9
464 12
465 10
467 12
468 8
470 12
471 6
473 12
474 6
476 8
478 12
479 8
481 12
482 6
484 12
486 9
487 12
489 3
490 12
492 9
493 12
494 6
498 3
499 12
500 8
502 12
503 10
505 12
506 8
509 10
510 12
511 10
513 12
514 8
516 12
517 6
521 9
522 12
523 7
524 12
526 7
527 12
528 10
531 7
532 12
534 7
535 12
536 10
538 12
540 7
541 12
543 7
544 12
547 3
548 7
549 12
551 7
552 12
554 7
555 12
557 7
558 12
560 9
561 12
563 7
564 12
566 7
567 12
569 7
570 12
572 12
574 7
575 12
577 7
578 12
581 7
582 10
584 7
585 12
586 10
588 12
590 7
591 12
593 7
594 12
595 10
597 12
598 10
600 12
601 10
603 12
605 7
606 12
607 10
609 12
611 9
612 12
614 3
615 12
617 9
618 12
619 10
621 12
623 9
624 12
626 9
627 12
628 8
630 3
631 12
634 7
635 9
636 12
638 7
639 12
641 9
643 3
644 12
646 3
647 12
649 7
650 12
653 7
654 10
655 12
657 7
658 12
660 3
661 12
663 7
664 12
666 7
668 3
669 12
672 3
673 8
674 12
675 8
678 10
681 3
682 7
683 12
685 7
686 9
687 12
690 3
691 7
692 12
693 10
694 12
696 7
697 12
699 3
700 12
702 3
703 12
706 3
707 9
708 12
711 7
712 12
714 9
715 12
717 9
718 12
719 10
721 12
725 3
726 12
728 7
729 12
730 10
732 12
734 7
735 12
738 3
739 12
740 7
741 12
743 7
744 12
746 3
747 12
750 7
751 12
753 3
754 12
755 10
757 12
759 3
760 12
762 9
763 12
765 3
766 12
767 10
769 12
771 7
772 12
774 7
775 12
777 7
778 12
780 3
781 12
784 7
785 10
786 12
787 8
789 12
790 10
792 12
793 8
795 12
797 12
801 3
802 7
803 10
804 12
806 7
807 8
809 12
811 7
812 12
814 9
815 12
816 10
818 12
819 10
821 12
823 3
824 12
826 3
827 12
829 3
830 12
832 3
833 12
835 7
836 12
838 9
839 12
841 7
842 12
844 7
845 12
847 7
848 12
850 12
852 9
853 12
854 10
856 12
858 3
859 12
860 8
862 12
863 10
865 12
867 3
868 12
869 10
871 12
873 9
874 12
875 10
877 12
879 9
880 12
881 8
883 12
884 10
886 12
887 10
890 3
891 12
892 10
894 12
895 10
897 12
898 10
900 12
902 3
903 12
905 3
906 12
909 7
910 9
911 12
912 10
915 9
916 12
918 9
919 12
921 3
922 12
923 8
925 12
927 3
928 12
929 6
931 12
932 8
934 12
936 3
937 12
938 10
940 12
941 8
943 12
944 8
946 12
948 9
949 12
951 9
952 12
954 7
955 12
957 3
958 12
960 7
961 12
963 3
964 12
965 10
967 12
968 3
969 12
970 8
971 12
973 3
974 12
975 10
977 12
978 6
980 12
981 10
983 12
985 3
986 12
988 7
989 12
991 9
992 12
994 7
995 12
997 3
998 12
1000 7
1001 12
1003 7
1004 12
1005 8
1007 12
1009 7
1010 12
1012 9
1013 12
1015 3
1016 12
1018 9
1019 12
1021 3
1022 12
1024 7
1025 12
1027 9
1028 12
1029 8
1031 12
1033 7
1034 12
1036 3
1037 12
1039 7
1040 12
1041 8
1043 12
1045 3
1046 12
1049 3
1050 9
1051 12
1053 7
1054 12
1056 7
1057 12
1059 3
1060 12
1062 3
1063 12
1065 3
1066 12
1069 3
1070 12
1073 3
1074 10
1075 12
1077 3
1078 12
1080 9
1081 12
1082 10
1084 12
1086 7
1087 12
1089 3
1090 12
1092 3
1093 12
1094 8
1095 12
1096 3
1097 8
1099 5
1100 12
1102 7
1103 12
1105 7
1106 12
1107 10
1109 12
1112 7
1113 9
1115 3
1116 12
1118 7
1119 12
1121 7
1122 12
1124 7
1125 12
1126 8
1128 12
1130 9
1133 3
1134 12
1137 7
1138 12
1140 9
1141 12
1142 8
1145 10
1146 12
1147 10
1149 12
1150 10
1152 12
1153 8
1155 12
1157 3
1158 12
1160 9
1161 12
1162 8
1164 12
1165 8
1167 12
1168 10
1170 12
1172 7
1173 12
1175 3
1176 12
1177 10
1179 12
1182 3
1183 12
1184 10
1186 12
1188 9
1189 12
1192 7
1193 9
1194 12
1195 8
1197 12
1198 8
1200 12
1202 3
1203 12
1204 8
1207 3
1208 12
1210 7
1211 12
1212 8
1214 12
1216 7
1217 12
1219 7
1220 12
1222 7
1223 12
1224 8
1226 12
1228 7
1230 3
1231 12
1232 6
1234 12
1235 10
1237 12
1239 12
1240 8
1243 3
1244 12
1246 3
1247 12
1249 3
1250 12
1252 7
1253 12
1255 7
1256 12
1258 7
1259 12
1261 7
1262 12
1263 8
1265 12
1268 7
1269 10
1270 12
1271 10
1273 12
1274 8
1276 12
1278 3
1279 12
1280 10
1282 12
1284 3
1285 12
1287 3
1288 12
1291 3
1292 7
1293 12
1295 7
1296 12
1298 7
1299 8
1301 12
1303 7
1304 12
1305 10
1307 12
1308 10
1310 12
1312 7
1313 12
1315 9
1316 12
1318 7
1319 12
1321 9
1322 12
1324 7
1325 12
1326 8
1328 12
1329 10
1331 12
1333 9
1334 12
1336 7
1337 12
1339 7
1340 12
1344 3
1345 5
1346 12
1347 8
1350 9
1351 12
1352 8
1354 12
1357 3
1358 8
1360 3
1361 12
1363 7
1364 12
1366 7
1367 12
1369 9
1370 12
1371 10
1373 12
1375 3
1376 12
1378 7
1379 12
1381 7
1382 12
1385 3
1386 12
1388 7
1389 12
1391 7
1392 12
1394 7
1395 12
1396 10
1399 3
1400 12
1402 7
1403 12
1406 7
1407 12
1409 3
1410 12
1411 8
1413 12
1415 9
1416 12
1417 8
1419 12
1421 9
1422 12
1423 7
1425 3
1426 7
1427 12
1429 7
1430 12
1432 7
1433 12
1435 7
1436 12
1438 3
1439 12
1440 8
1442 12
1444 3
1445 12
1446 10
1448 12
1450 3
1451 12
1453 3
1454 12
1456 7
1458 5
1459 12
1463 7
1464 12
1465 8
1467 12
1470 3
1471 7
1472 12
1474 9
1475 12
1476 8
1478 12
1479 9
1480 12
1482 7
1483 12
1485 7
1486 12
1488 9
1490 7
1491 12
1494 9
1495 8
1497 12
1499 3
1500 12
1501 8
1503 12
1504 6
1507 12
1509 3
1510 12
1512 3
1513 12
1515 9
1516 12
1519 3
1520 10
1521 12
1522 8
1524 12
1526 9
1530 12
1532 7
1533 12
1534 3
1536 12
1537 3
1539 12
1540 8
1542 12
1543 10
1544 3
1547 12
1548 9
1550 12
1551 7
1553 12
1554 10
1555 3
1558 12
1560 12
1561 3
1563 12
1564 7
1566 12
1567 3
1569 12
1570 9
1572 12
1573 10
1575 12
1576 10
1578 12
1579 10
1581 12
1582 7
1583 12
1584 7
1586 10
1587 7
1589 12
1590 7
1592 12
1593 3
1595 12
1596 9
1598 12
1599 3
1602 12
1603 10
1605 11
1606 3
1609 7
1611 12
1612 7
1614 12
1615 9
1617 12
1618 10
1619 12
1620 8
1622 12
1623 3
1624 12
1626 12
1627 9
1629 12
1630 3
1632 12
1633 10
1635 12
1636 3
1638 12
1640 12
1641 8
1643 12
1644 5
1646 12
1647 6
1649 12
1650 3
1652 12
1653 10
1655 12
1656 9
1658 12
1659 3
1661 12
1662 9
1664 12
1665 11
1667 12
1668 3
1670 12
1671 9
1673 12
1674 3
1676 12
1677 3
1679 12
1680 3
1682 9
1684 12
1685 10
1688 9
1689 12
1690 10
1692 12
1693 3
1695 12
1696 9
1698 12
1699 9
1700 3
1703 12
1704 9
1706 12
1707 6
1709 12
1710 7
1713 12
1714 9
1716 12
1717 10
1719 12
1720 9
1722 12
1724 12
1725 9
1727 12
1728 3
1730 12
1731 3
1735 9
1736 12
1737 9
1739 12
1740 8
1742 12
1743 5
1746 12
1747 9
1749 12
1750 9
1752 12
1753 9
1755 11
1756 9
1760 7
1761 5
1763 11
1764 5
1766 11
1767 3
1769 11
1771 11
1772 3
1774 11
1775 3
1777 9
1778 11
1779 9
1781 11
1782 3
1784 11
1785 3
1787 9
1789 9
1791 11
1792 3
1794 11
1795 3
1797 11
1798 3
1800 5
1802 11
1803 9
1805 11
1806 9
1808 11
1809 9
1811 11
1812 3
1813 9
1814 5
1816 9
1817 7
1819 11
1823 5
1824 11
1825 6
1827 11
1828 9
1829 11
1830 9
1831 11
1832 9
1834 11
1835 9
1837 11
1838 9
1839 3
1842 11
1843 9
1845 11
1846 9
1848 11
1849 9
1850 3
1855 11
1856 3
1858 11
1859 8
1861 11
1862 9
1864 11
1865 7
1867 11
1868 4
1871 5
1873 11
1874 5
1876 11
1877 3
1881 9
1883 11
1884 9
1886 11
1887 5
1889 11
1890 12
1891 9
1893 12
1894 3
1896 12
1897 6
1899 9
1901 12
1902 9
1904 12
1905 7
1907 12
1908 3
1912 8
1913 12
1914 10
1916 12
1917 10
1919 12
1920 8
1922 12
1923 9
1925 12
1926 9
1928 12
1929 8
1931 12
1932 9
1934 12
1935 7
1937 12
1938 9
1939 3
1945 10
1948 8
1949 12
1950 7
1951 3
1956 8
1957 12
1958 8
1960 12
1961 6
1963 12
1964 6
1966 12
1967 10
1969 12
1970 9
1972 12
1973 10
1976 9
1977 12
1978 3
1980 12
1981 8
1983 12
1984 10
1986 12
1989 6
1991 10
1993 12
1994 9
1996 12
1997 7
1999 12
2000 7
2002 9
2004 12
2005 9
2007 12
2008 3
2010 10
2011 6
2013 10
2014 3
2016 10
2017 3
2019 10
2020 6
2022 7
2024 10
2025 3
2027 10
2029 10
2030 12
2031 9
2033 10
2035 12
2036 10
2038 12
2039 8
2041 12
2042 7
2044 12
2045 7
2047 12
2048 7
2051 9
2052 12
2053 7
2054 3
2059 12
2060 9
2062 12
2063 3
2065 12
2066 9
2068 12
2069 8
2071 12
2072 3
2074 12
2075 7
2077 12
2078 9
2080 12
2081 7
2083 12
2084 8
2086 12
2087 7
2089 12
2090 3
2092 12
2093 7
2095 12
2096 10
2098 12
2099 7
2100 3
2103 12
2104 3
2107 12
2108 3
2110 12
2111 10
2113 12
2114 9
2115 12
2117 12
2118 8
2120 12
2121 9
2123 12
2124 9
2126 12
2127 10
2129 12
2130 7
2132 12
2133 9
2135 12
2136 9
2138 12
2140 12
2141 9
2143 10
2145 12
2147 12
2148 10
2150 12
2152 12
2153 3
2155 12
2156 3
2158 12
2159 7
2162 12
2167 12
2168 7
2170 12
2171 3
2174 12
2175 8
2176 12
2177 7
2179 12
2180 3
2183 12
2184 3
2186 12
2187 10
2189 12
2190 10
2192 12
2193 3
2195 12
2196 8
2198 12
2199 9
2201 12
2202 8
2204 12
2205 8
2207 12
2208 9
2209 5
2212 12
2213 8
2215 12
2216 7
2218 10
2220 12
2221 9
2222 3
2225 12
2226 10
2228 12
2229 3
2231 12
2232 8
2234 12
2235 8
2237 12
2238 9
2240 11
2241 3
2243 11
2244 3
2248 11
2249 7
2251 11
2252 3
2254 11
2255 5
2257 11
2258 3
2259 11
2260 3
3000 12
3001 10
3003 12
3004 10
3006 12
3007 9
3009 12
3010 3
3012 12
3013 7
3015 12
3016 10
3018 9
3020 12
3021 8
3023 12
3024 9
3026 12
3027 7
3029 12
3030 9
3032 12
3033 10
3035 12
3036 8
3038 12
3040 12
3041 7
3043 12
3044 7
3046 12
3047 9
3049 12
3050 9
3052 12
3054 12
3055 7
3057 12
3058 8
3060 10
3061 12
3062 3
3064 12
3065 7
3067 12
3070 12
3071 3
3073 8
3075 12
3076 7
3078 12
3080 12
3082 8
3084 12
3085 3
3087 12
3088 9
3090 12
3091 3
3093 12
3094 9
3095 12
3096 10
3098 12
3099 9
3101 12
3102 8
3104 12
3105 8
3107 12
3108 7
3109 3
3112 12
3113 10
3114 12
3115 10
3117 12
3118 3
3120 12
3121 8
3124 7
3125 12
3126 10
3128 12
3129 9
3131 12
3132 3
3134 12
3135 10
3137 12
3138 10
3140 12
3142 12
3143 3
3145 12
3146 10
3148 12
3149 7
3151 12
3152 9
3154 12
3155 10
3157 12
3158 10
3160 12
3161 9
3163 12
3164 3
3166 12
3167 7
3169 12
3170 3
3172 12
3173 7
3175 12
3176 9
3178 12
3179 10
3180 7
3181 3
3185 12
3186 7
3188 12
3189 10
3190 7
3193 12
3194 9
3197 10
3198 12
3199 9
3201 12
3202 9
3203 7
3206 12
3207 8
3209 12
3210 7
3211 3
3214 12
3215 9
3217 12
3218 9
3220 12
3221 9
3222 6
3224 12
3225 10
3227 12
3228 8
3229 5
3231 8
3232 12
3233 6
3235 12
3236 10
3238 9
3240 12
3241 8
3243 12
3244 3
3246 12
3247 7
3249 12
3251 12
3252 8
3254 12
3255 3
3257 12
3258 9
3259 12
3260 7
3262 10
3264 12
3265 10
3267 12
3268 10
3270 12
3271 8
3274 10
3275 12
3276 9
3278 12
3279 8
3281 12
3282 8
3284 12
3285 3
3287 12
3288 10
3290 9
3292 12
3293 9
3295 12
3296 3
3298 12
3299 10
3301 12
3302 8
3304 12
3305 8
3307 12
3308 3
3310 12
3311 3
3313 12
3314 9
3316 12
3317 9
3319 12
3320 10
3322 12
3323 9
3325 12
3326 8
3328 12
3329 10
3331 12
3332 3
3334 12
3335 10
3337 9
3339 12
3340 9
3342 12
3343 6
3345 12
3346 8
3348 12
3349 10
3351 9
3353 12
3354 9
3356 12
3357 6
3359 12
3360 8
3362 12
3363 3
3365 12
3366 3
3368 12
3369 3
3371 10
3373 12
3374 3
3378 10
3379 12
3380 9
3382 12
3383 9
3385 12
3386 10
3388 12
3389 10
3391 12
3392 3
3394 12
3395 9
3397 12
3398 9
3400 12
3401 9
3402 7
3403 3
3405 7
3406 9
3407 10
3409 12
3410 10
3412 12
3413 3
3415 12
3416 8
3418 12
3419 7
3421 12
3422 9
3424 12
3425 3
3428 12
3429 7
3431 12
3432 7
3434 8
3436 12
3437 3
3439 12
3440 7
3442 12
3443 9
3445 12
3446 10
3448 12
3449 10
3451 12
3452 10
3454 12
3455 8
3457 12
3458 3
3460 12
3461 10
3463 12
3465 12
3466 8
3468 12
3469 3
3471 9
3474 6
3475 12
3476 9
3477 7
3480 12
3481 9
3483 12
3484 3
3486 8
3488 12
3489 3
3491 12
3492 9
3494 12
3495 10
3497 12
3498 10
3500 12
3501 10
3503 8
3505 12
3506 9
3509 8
3510 12
3511 9
3513 12
3514 3
3516 12
3517 10
3518 3
3521 12
3522 9
3525 8
3526 11
3528 12
3529 9
3531 12
3532 9
3533 3
3536 12
3537 3
3539 12
3540 8
3542 12
3543 3
3545 12
3546 7
3548 12
3549 3
3551 12
3552 3
3554 6
3556 12
3557 9
3559 12
3560 3
3562 12
3563 8
3565 12
3566 10
3568 9
3570 12
3571 9
3573 12
3574 8
3576 12
3577 7
3578 3
3582 12
3583 8
3585 12
3586 3
3589 12
3590 3
3593 12
3594 9
3595 5
3598 7
3599 12
3600 5
3602 12
3603 3
3605 12
3606 10
3608 12
3609 9
3611 12
3612 10
3614 12
3615 7
3617 12
3618 3
3620 12
3621 3
3623 12
3624 10
3626 12
3627 9
3629 12
3630 10
3632 12
3633 3
3635 12
3636 3
3638 12
3639 8
3641 12
3642 5
3644 12
3646 12
3647 5
3649 12
3650 3
3652 12
3653 9
3655 12
3656 3
3658 12
3659 3
3661 12
3662 9
3663 12
3664 3
3666 12
3667 9
3669 12
3670 8
3672 12
3673 10
3675 12
3676 9
3678 12
3679 9
3681 12
3682 10
3683 12
3684 7
3686 12
3687 9
3689 12
3690 7
3692 12
3693 6
3695 12
3696 3
3698 9
3700 12
3701 7
3703 12
3704 7
3706 12
3707 7
3709 12
3710 8
3712 12
3713 7
3716 12
3717 7
3719 12
3720 9
3721 7
3724 12
3725 7
3726 3
3729 12
3730 9
3732 12
3733 9
3735 12
3736 7
3738 12
3739 3
3741 12
3742 9
3744 12
3745 8
3747 12
3748 3
3750 9
3752 12
3753 9
3755 12
3756 7
3759 12
3760 3
3762 12
3763 3
3765 12
3766 7
3768 12
3769 8
3771 12
3772 7
3774 12
3775 7
3776 3
3779 12
3780 9
3782 12
3783 9
3785 12
3786 7
3790 12
3791 5
3795 10
3796 12
3797 8
3799 12
3800 7
3802 12
3803 3
3806 12
3807 10
3809 12
3810 3
3812 12
3813 9
3815 12
3816 8
3818 12
3819 10
3821 12
3822 8
3824 12
3825 8
3827 12
3828 7
3830 8
3832 12
3833 3
3835 12
3837 12
3838 9
3840 12
3841 8
3843 12
3844 9
3846 12
3847 10
3849 12
3850 6
3852 12
3853 3
3855 12
3856 7
3858 12
3859 3
3861 12
3862 7
3864 8
3866 12
3867 8
3869 12
3870 10
3872 12
3873 8
3876 10
3877 12
3878 8
3880 12
3881 3
3883 12
3884 10
3886 9
3888 12
3889 7
3891 12
3892 9
3894 12
3895 3
3897 8
3899 12
3900 3
3902 12
3903 8
3905 12
3906 10
3908 12
3909 7
3911 12
3913 12
3914 7
3916 12
3917 9
3918 7
3921 12
3926 12
3927 3
3929 12
4063 12
4064 3
4066 12
4067 7
4069 12
4070 3
4076 10
4078 12
4079 10
4081 12
4082 7
4084 12
4085 7
4087 12
4088 9
4090 12
4091 3
4093 12
4094 8
4096 12
4097 3
4098 9
4100 12
4101 8
4103 12
4104 7
4106 12
4107 10
4108 7
4111 12
4112 7
4114 12
4115 3
4117 8
4119 12
4120 7
4122 12
4123 8
4125 10
4127 12
4128 3
4130 12
4131 3
4133 12
4134 7
4136 12
4137 10
4139 12
4140 3
4143 12
4144 5
4146 10
4147 7
4150 12
4151 8
4153 12
4154 8
4156 12
4157 6
4159 12
4160 6
4163 12
4165 12
4166 5
4168 12
4169 10
4171 12
4172 9
4174 12
4175 10
4177 12
4178 3
4180 7
4182 12
4183 7
4185 12
4187 12
4188 10
4190 12
4191 10
4193 12
4194 10
4196 12
4197 9
4199 12
4200 8
4202 12
4203 9
4205 12
4206 9
4208 12
4209 10
4211 12
4212 8
4214 12
4215 3
4217 12
4218 8
4220 12
4221 9
4223 12
4224 9
4226 12
4227 8
4229 12
4230 5
4232 12
4233 9
4235 12
4236 6
4238 12
4239 9
4241 12
4242 3
4244 12
4245 5
4246 3
4249 12
4250 7
4252 12
4253 8
4255 12
4256 7
4258 12
4259 8
4261 12
4262 8
4264 12
4265 8
4267 12
4268 8
4270 12
4271 10
4273 12
4274 7
4276 12
4277 9
4279 12
4280 10
4282 12
4283 8
4285 12
4286 8
4288 12
4289 10
4292 5
4293 12
4294 8
4296 9
4298 12
4299 10
4301 12
4302 8
4304 12
4305 8
4307 12
4308 3
4310 12
4311 10
4313 12
4314 9
4316 12
4317 10
4318 12
4319 10
4321 12
4322 3
4324 12
4325 3
4327 12
4328 8
4329 3
4331 12
4332 9
4334 12
4335 7
4337 12
4338 9
4340 12
4341 8
4343 9
4345 12
4346 10
4347 7
4350 12
4351 5
4353 12
4354 10
4355 7
4358 12
4360 12
4361 7
4363 12
4364 3
4366 12
4367 9
4369 12
4370 9
4373 10
4374 12
4375 7
4377 12
4378 9
4380 12
4381 9
4383 12
4384 7
4386 12
4387 3
4389 12
4390 10
4392 12
4393 3
4396 12
4397 10
4399 12
4400 10
4402 9
4403 7
4406 12
4407 7
4409 12
4410 7
4412 12
4413 7
4415 12
4416 7
4418 12
4419 7
4421 12
4422 7
4424 12
4425 7
4427 12
4428 6
4430 12
4431 3
4433 12
4434 3
4436 7
4438 12
4439 9
4441 12
4442 7
4444 12
4445 8
4447 12
4448 9
4450 12
4451 7
4453 12
4454 3
4456 12
4457 3
4459 12
4460 7
4462 9
4464 12
4465 7
4467 12
4468 7
4469 3
4472 12
4473 3
4475 12
4476 3
4480 12
4481 9
4483 12
4484 3
4486 12
4487 3
4489 12
4490 10
4492 12
4493 7
4495 12
4496 8
4498 12
4501 12
4502 10
4503 12
4504 7
4506 12
4507 10
4509 12
4510 3
4512 12
4513 8
4515 12
4516 3
4518 12
4519 9
4521 12
4522 10
4524 12
4525 7
4527 12
4528 3
4530 12
4531 10
4532 7
4535 12
4536 10
4538 12
4539 3
4541 12
4542 3
4544 12
4545 11
4546 7
4549 12
4550 8
4551 6
4554 12
4555 9
4557 12
4558 7
4560 12
4561 8
4563 12
4564 7
4566 12
4567 3
4569 12
4570 7
4572 12
4574 12
4575 8
4577 12
4578 8
4580 12
4581 8
4583 12
4588 12
4589 10
4590 3
4593 12
4594 7
4596 12
4597 8
4599 12
4600 7
4601 3
4603 7
4604 12
4605 5
4607 9
4608 3
4611 12
4612 3
4614 12
4615 10
4617 12
4618 8
4620 12
4621 7
4623 12
4624 3
4626 12
4627 7
4629 9
4631 12
4632 3
4634 12
4635 10
4637 12
4638 3
4640 12
4641 8
4643 12
4644 9
4645 12
4646 10
4648 12
4649 7
4651 12
4652 7
4654 12
4655 7
4657 12
4658 7
4660 12
4661 7
4663 12
4664 3
4666 12
4667 3
4669 12
4670 10
4672 12
4673 9
4674 7
4677 12
4678 7
4680 12
4681 6
4683 12
4684 7
4686 12
4687 3
4689 12
4690 9
4692 12
4693 8
4695 12
4696 7
4698 12
4699 8
4701 12
4702 3
4704 12
4705 10
4707 12
4708 9
4710 12
4711 9
4713 12
4714 3
4716 12
4717 7
4719 12
4720 8
4722 12
4723 10
4725 12
4726 7
4728 12
4729 9
4730 7
4732 9
4733 12
4734 9
4736 12
4737 9
4739 12
4740 3
4742 12
4743 3
4745 12
4746 7
4748 12
4749 7
4752 8
4753 3
4755 12
4756 3
4758 7
4759 12
4760 8
4762 12
4763 3
4765 12
4766 8
4768 12
4769 8
4771 12
4772 7
4774 12
4775 8
4777 12
4778 7
4779 3
4782 12
4784 12
4785 3
4787 12
4788 10
4789 7
4792 8
4793 12
4794 10
4796 12
4797 7
4799 12
4800 8
4802 12
4803 7
4805 12
4806 3
4808 12
4809 9
4811 12
4812 10
4814 12
4817 10
4818 12
4819 8
4822 8
4823 12
4824 7
4826 12
4827 10
4829 12
4830 7
4831 3
4834 12
4835 9
4837 12
4838 3
4840 8
4842 12
4843 10
4845 12
4846 7
4847 12
4848 8
4850 12
4851 10
4854 8
4855 12
4856 3
4858 12
4859 9
4861 12
4862 7
4864 12
4865 7
4867 12
4868 3
4870 12
4872 12
4873 3
4876 12
4877 8
4879 12
4881 12
4882 9
4884 12
4885 7
4887 12
4888 8
4890 12
4891 8
4893 12
4894 7
4896 12
4897 7
4899 12
4900 8
4902 12
4903 10
4905 12
4906 7
4908 12
4909 10
4911 12
4912 3
4914 12
4915 9
4918 8
4919 12
4920 3
4922 12
4923 3
4925 8
4927 12
4928 3
4930 12
4931 10
4933 12
4934 8
4936 12
4937 3
4940 12
4941 7
4943 12
4944 7
4946 12
4948 12
4949 9
4950 7
4952 9
4954 9
14 6
22 6
28 4
34 4
51 4
57 4
59 4
62 4
68 4
82 6
96 6
100 4
103 4
104 6
113 6
120 4
127 6
147 4
156 4
159 4
161 6
164 6
175 4
186 4
188 6
190 6
208 4
210 6
285 4
288 4
291 4
294 4
296 4
299 4
302 4
305 4
308 4
311 4
314 4
317 4
320 4
323 4
326 4
329 4
332 4
335 4
338 4
341 4
344 4
347 4
350 4
353 4
358 4
360 4
363 4
366 4
369 4
372 4
375 4
378 4
381 4
384 4
387 4
390 4
393 4
396 4
399 4
406 4
409 4
412 4
415 4
418 4
421 9
431 4
442 4
451 4
456 9
460 4
469 4
472 6
475 6
477 4
480 4
483 6
488 9
496 4
497 9
501 4
508 4
515 4
520 4
545 9
613 9
642 9
645 9
659 9
667 9
670 9
671 4
677 4
679 9
688 9
698 9
701 9
704 9
723 4
724 9
737 4
745 9
752 9
758 9
764 9
779 9
788 4
794 4
796 9
800 4
808 4
822 9
825 9
828 9
831 9
857 9
861 4
866 9
882 4
889 9
901 9
904 9
920 9
924 4
926 9
930 6
933 4
935 9
942 4
945 4
956 9
962 9
972 9
979 6
984 9
996 9
1006 4
1014 9
1020 9
1030 4
1035 9
1042 4
1044 9
1047 9
1058 9
1061 9
1064 9
1068 4
1071 9
1076 9
1088 9
1091 9
1114 9
1127 4
1132 4
1144 4
1154 4
1156 9
1163 4
1166 4
1174 9
1181 6
1196 4
1199 4
1201 9
1205 4
1206 9
1213 4
1225 4
1229 9
1233 6
1238 9
1241 4
1242 9
1245 9
1248 9
1264 4
1275 4
1277 9
1283 9
1286 9
1289 9
1300 4
1327 4
1341 9
1343 4
1349 4
1353 4
1356 4
1359 9
1374 9
1384 4
1398 9
1408 9
1412 4
1418 4
1424 4
1437 9
1441 4
1443 9
1449 9
1452 9
1457 7
1466 4
1468 9
1477 4
1496 4
1498 9
1502 4
1506 4
1508 9
1511 9
1517 9
1523 4
1528 4
1529 9
1535 9
1538 9
1541 4
1546 9
1557 9
1562 9
1568 9
1594 9
1601 9
1608 9
1621 4
1631 9
1637 9
1642 4
1645 7
1648 6
1651 9
1660 9
1669 9
1675 9
1678 9
1681 9
1694 9
1702 9
1708 6
1723 9
1729 9
1732 4
1741 4
1744 4
1757 4
1762 6
1765 6
1768 8
1773 8
1776 6
1783 8
1786 8
1793 8
1796 8
1799 8
1801 6
1815 4
1826 5
1841 8
1852 8
1853 6
1854 8
1857 8
1866 4
1869 4
1872 6
1875 6
1878 5
1880 8
1888 6
1895 9
1898 6
1909 6
1910 4
1921 4
1930 4
1941 9
1942 4
1944 7
1946 4
1952 4
1959 4
1962 6
1965 6
1979 9
1982 4
1987 4
1990 6
2009 7
2012 4
2015 7
2018 7
2021 4
2026 7
2028 7
2040 4
2055 4
2064 9
2070 4
2073 9
2085 4
2091 9
2102 9
2105 4
2109 9
2116 4
2119 4
2139 9
2151 9
2154 9
2157 9
2172 4
2181 6
2185 9
2194 9
2197 4
2203 4
2206 4
2211 7
2214 4
2224 9
2230 9
2233 4
2236 4
2242 8
2245 6
2250 4
2253 8
2256 6
2261 8
2262 6
2264 8
2265 6
2267 8
2268 6
2270 8
2271 6
2272 4
2274 6
2275 4
2277 8
2278 6
2280 9
2282 9
2283 7
2285 9
2286 7
2288 9
2289 6
2291 9
2292 6
2293 9
2294 6
2296 9
2297 6
2299 9
2300 4
2302 9
2303 6
2305 9
2306 8
2307 9
2308 7
2310 9
2311 6
2313 9
2314 6
2316 9
2317 6
2319 9
2320 6
2322 9
2323 7
2326 6
2327 9
2328 4
2330 9
2331 4
2333 9
2334 6
2336 9
2337 4
2339 9
2340 7
2342 9
2343 4
2345 7
2346 4
2349 9
2350 6
2352 9
2354 9
2355 4
2357 9
2358 8
2360 9
2361 7
2363 9
2364 6
2366 9
2367 4
2369 9
2370 7
2372 9
2373 4
2374 9
2375 4
2377 9
2378 4
2380 9
2381 4
2385 9
2386 6
2388 9
2389 4
2391 9
2392 7
2393 4
2396 6
2398 9
2399 4
2401 9
2402 6
2404 9
2405 7
2407 9
2408 7
2410 9
2411 6
2413 9
2415 9
2416 4
2418 9
2419 4
2421 9
2422 4
2424 9
2426 9
2427 4
2429 9
2430 6
2432 9
2433 4
2435 9
2436 4
2438 9
2439 6
2441 9
2442 7
2444 9
2445 7
2447 9
2448 4
2450 9
2451 4
2453 9
2454 7
2456 9
2457 6
2459 9
2460 7
2462 9
2464 9
2465 6
2467 9
2471 9
2472 6
2474 9
2475 6
2477 9
2479 9
2480 4
2482 9
2483 4
2485 9
2486 4
2488 9
2489 6
2491 9
2492 4
2495 9
2496 7
2497 4
2500 9
2501 6
2502 9
2503 4
2505 9
2506 4
2508 9
2509 6
2511 9
2512 7
2514 9
2515 6
2517 9
2518 7
2520 9
2521 4
2523 9
2524 6
2526 9
2527 4
2529 9
2530 4
2532 9
2533 4
2535 9
2536 6
2538 9
2540 9
2542 9
2543 4
2545 9
2546 4
2548 9
2549 4
2551 9
2552 4
2554 9
2555 7
2557 9
2558 6
2560 9
2561 4
2563 9
2638 9
2639 7
2641 9
2642 7
2644 9
2645 7
2647 9
2648 6
2650 7
2652 9
2653 7
2654 4
2657 9
2658 7
2660 9
2661 7
2663 9
2664 4
2666 9
2667 7
2669 9
2673 9
2674 4
2675 9
2676 4
2678 9
2679 7
2681 9
2682 7
2684 9
2685 4
2687 9
2688 4
2689 9
2690 6
2692 9
2693 7
2695 9
2696 7
2697 4
2699 9
2700 4
2702 9
2704 7
2707 6
2708 9
2709 7
2712 6
2713 9
2714 4
2716 7
2717 4
2720 9
2721 6
2723 9
2724 4
2726 9
2728 9
2729 4
2731 7
2733 9
2734 4
2736 9
2737 7
2739 9
2740 7
2741 4
2744 9
2745 4
2747 9
2748 7
2750 9
2751 4
2753 9
2754 7
2755 4
2758 9
2759 7
2761 9
2762 6
2764 9
2765 6
2767 9
2768 7
2770 9
2771 4
2773 9
2774 4
2776 9
2777 7
2779 9
2780 4
2782 9
2783 6
2785 9
2786 4
2788 9
2789 4
2791 9
2792 6
2793 4
2796 9
2797 7
2799 9
2800 6
2802 9
2803 6
2805 9
2806 4
2808 9
2809 4
2812 9
2813 7
2814 4
2816 7
2818 7
2819 4
2821 9
2822 4
2824 9
2825 8
2826 4
2829 7
2831 9
2832 4
2834 9
2835 6
2837 9
2838 7
2840 9
2841 7
2842 9
2843 4
2845 9
2846 4
2848 9
2849 4
2851 9
2852 4
2854 9
2855 4
2857 9
2858 6
2860 9
2861 7
2863 9
2864 6
2866 9
2867 4
2869 9
2870 4
2872 9
2873 6
2875 9
2876 6
2878 9
2879 4
2881 9
2882 4
2884 9
2885 4
2887 9
2888 4
2890 9
2891 7
2892 4
2895 9
2896 4
2898 9
2900 9
2901 6
2903 9
2904 7
2906 9
2907 7
2908 4
2911 9
2913 7
2914 9
2915 6
2917 9
2919 4
2921 9
2923 4
2925 9
2926 6
2928 9
2930 7
2931 9
2933 7
2934 9
2936 4
2937 6
2939 9
2940 6
2942 9
2943 6
2945 9
2947 9
2949 4
2950 9
2952 9
2954 7
2955 9
2956 6
2958 9
2960 9
2962 4
2963 9
2965 7
2966 9
2968 4
2970 9
2972 7
2973 9
2975 7
2976 6
2978 9
2980 4
2981 9
2983 4
2985 9
2987 7
2988 9
2989 6
2991 9
2993 4
2994 9
2996 7
2997 9
2998 6
3011 9
3022 4
3037 4
3039 9
3059 4
3063 9
3068 4
3072 9
3074 4
3083 4
3086 9
3092 9
3103 4
3106 4
3111 9
3119 9
3123 4
3133 9
3144 9
3165 9
3171 9
3184 9
3208 4
3213 9
3223 6
3234 6
3242 4
3245 9
3250 9
3253 4
3256 9
3273 4
3280 4
3283 4
3286 9
3297 9
3303 4
3306 4
3309 9
3312 9
3327 4
3333 9
3344 6
3347 4
3358 6
3361 4
3364 9
3367 9
3370 9
3375 9
3393 9
3404 4
3414 9
3417 4
3427 4
3435 4
3438 9
3456 4
3459 9
3467 4
3470 9
3472 6
3487 4
3490 9
3504 4
3507 4
3515 9
3520 9
3523 4
3534 6
3538 9
3541 4
3544 9
3550 9
3553 9
3555 6
3561 9
3564 4
3575 4
3581 9
3584 4
3588 7
3592 4
3597 4
3601 7
3604 9
3619 9
3622 9
3634 9
3637 9
3640 4
3643 7
3648 7
3651 9
3657 9
3660 9
3665 9
3671 4
3694 6
3697 9
3711 4
3728 9
3740 9
3746 4
3749 9
3761 9
3764 9
3770 4
3778 9
3793 4
3798 4
3805 4
3811 9
3817 4
3823 4
3826 4
3831 4
3834 9
3836 4
3842 4
3851 6
3854 9
3860 9
3865 4
3868 4
3875 4
3879 4
3882 9
3896 9
3898 4
3901 9
3904 4
3912 4
3920 4
3922 9
3924 7
3925 9
3928 9
3930 9
3932 7
3933 9
3935 4
3936 9
3938 7
3939 9
3941 4
3942 9
3944 4
3945 9
3948 4
3949 7
3950 9
3952 4
3953 9
3955 4
3956 9
3957 7
3958 9
3960 7
3961 9
3963 4
3964 9
3965 6
3967 9
3969 7
3970 6
3972 9
3973 6
3975 9
3977 4
3979 9
3981 4
3983 9
3984 6
3986 9
3988 4
3989 9
3991 4
3992 9
3993 6
3994 4
3996 9
3998 7
3999 9
4001 4
4002 6
4003 4
4007 7
4008 9
4010 4
4011 9
4013 9
4015 4
4016 9
4018 4
4019 9
4021 4
4023 7
4024 9
4025 6
4027 9
4028 6
4031 7
4033 4
4034 9
4036 4
4037 9
4038 6
4040 9
4042 7
4043 9
4044 6
4045 4
4048 9
4049 6
4051 9
4052 6
4055 7
4056 9
4058 7
4059 9
4060 6
4062 9
4065 4
4068 4
4072 9
4073 7
4075 9
4092 9
4095 4
4102 4
4116 9
4118 4
4124 4
4129 9
4132 9
4141 6
4145 7
4152 4
4155 4
4158 6
4161 4
4167 7
4179 9
4186 9
4201 4
4213 4
4216 9
4219 4
4228 4
4231 7
4237 6
4243 9
4247 7
4248 9
4254 4
4260 4
4263 4
4266 4
4269 4
4284 4
4287 4
4290 7
4295 4
4303 4
4306 4
4309 9
4323 9
4326 9
4342 4
4352 7
4359 9
4365 9
4379 3
4388 9
4394 4
4429 6
4432 9
4435 9
4446 4
4455 9
4458 9
4471 9
4474 9
4477 4
4479 9
4485 9
4488 9
4497 4
4499 4
4500 9
4511 9
4514 4
4517 9
4529 9
4540 9
4543 9
4552 4
4553 6
4562 4
4568 9
4573 9
4576 4
4579 4
4582 4
4584 9
4585 4
4587 9
4592 9
4598 4
4602 4
4606 7
4610 9
4613 9
4619 4
4625 9
4633 9
4639 9
4642 4
4665 9
4668 9
4682 6
4688 9
4694 4
4700 4
4703 9
4715 9
4721 4
4741 9
4744 9
4750 4
4754 9
4757 4
4761 4
4764 9
4767 4
4770 4
4776 4
4781 9
4786 9
4801 4
4807 9
4820 4
4833 9
4839 9
4841 4
4849 4
4852 4
4857 9
4869 9
4871 4
4874 4
4878 4
4880 9
4889 4
4892 4
4901 4
4913 9
4916 4
4921 9
4924 9
4926 4
4929 9
4935 4
4938 4
2 5
8 2
9 3
10 1
11 3
214 5
216 5
217 3
219 5
220 3
222 5
223 3
225 5
226 3
228 5
229 3
231 5
232 3
234 5
235 4
237 5
238 3
240 5
241 3
243 5
244 3
246 5
247 3
249 5
250 3
252 5
254 5
255 3
257 5
259 5
260 3
262 5
263 3
265 5
266 3
268 5
269 3
271 5
272 3
274 5
275 3
277 5
278 3
280 5
281 3
283 5
424 5
427 5
433 5
436 3
444 3
447 5
450 5
454 3
462 3
485 3
491 3
518 3
525 5
530 5
533 5
539 5
542 5
546 5
550 5
553 5
556 5
559 3
562 5
565 5
568 5
571 5
573 5
576 5
579 5
583 5
589 5
592 5
604 5
610 3
616 3
622 3
625 3
629 5
632 5
633 3
637 5
640 3
648 5
651 5
656 5
662 5
665 5
680 5
689 5
695 5
705 3
709 3
713 3
716 3
722 5
727 5
733 5
736 5
742 5
748 3
761 3
770 5
773 5
776 5
782 5
798 5
805 5
810 5
813 3
834 5
837 3
840 5
843 5
846 5
851 3
872 3
878 3
907 5
908 3
913 3
917 3
947 3
950 3
953 5
959 5
987 5
990 3
993 5
999 5
1002 5
1008 5
1011 3
1017 3
1023 5
1026 3
1032 5
1038 5
1048 3
1052 5
1055 5
1067 5
1079 3
1085 5
1098 3
1101 5
1104 5
1110 5
1111 3
1117 5
1120 5
1123 5
1129 3
1131 5
1135 3
1139 3
1159 3
1171 5
1180 3
1187 3
1190 5
1191 3
1209 5
1215 5
1218 5
1221 5
1227 5
1251 5
1254 5
1257 5
1260 5
1266 5
1290 5
1294 5
1297 5
1302 5
1311 5
1314 3
1317 5
1320 3
1323 5
1332 3
1335 5
1338 5
1342 3
1348 3
1362 5
1365 5
1368 3
1377 5
1380 5
1383 5
1387 5
1390 5
1393 5
1401 5
1404 3
1414 3
1420 3
1428 5
1431 5
1434 5
1455 5
1460 5
1461 3
1469 5
1473 3
1481 5
1484 5
1487 3
1489 5
1492 3
1514 3
1525 3
1527 5
1531 5
1549 3
1552 5
1565 5
1571 3
1585 5
1591 5
1597 3
1610 5
1613 5
1616 3
1625 5
1628 3
1639 3
1657 3
1663 3
1672 3
1683 3
1686 3
1697 3
1701 3
1705 3
1711 3
1715 3
1721 3
1726 3
1733 3
1738 3
1745 3
1748 3
1751 3
1754 3
1770 2
1788 2
1804 2
1807 2
1810 2
1840 2
1844 2
1847 2
1851 2
1860 3
1863 2
1870 3
1879 3
1882 2
1885 2
1892 3
1900 3
1903 3
1906 5
1911 3
1924 3
1927 3
1933 3
1936 5
1940 3
1943 5
1953 3
1955 5
1971 3
1974 3
1988 5
1995 3
1998 5
2001 5
2003 3
2006 3
2023 3
2032 3
2043 5
2046 5
2049 3
2056 3
2058 5
2061 3
2067 3
2076 5
2079 3
2082 5
2088 5
2094 5
2101 5
2106 5
2122 3
2125 3
2131 5
2134 3
2137 3
2142 3
2146 3
2160 3
2163 5
2164 3
2166 5
2169 5
2173 5
2178 5
2182 3
2200 3
2210 3
2217 5
2223 3
2239 2
2269 2
2273 2
2276 2
2290 3
2295 3
2298 3
2301 5
2304 3
2312 3
2315 3
2318 3
2321 3
2324 3
2329 5
2332 5
2335 3
2338 5
2344 5
2348 5
2351 3
2353 5
2356 5
2365 3
2368 5
2376 5
2379 5
2382 5
2383 3
2387 3
2390 5
2395 5
2397 3
2400 5
2403 3
2412 3
2414 5
2417 5
2420 5
2423 5
2425 5
2428 5
2431 3
2434 5
2437 5
2440 3
2449 5
2452 5
2458 3
2463 5
2466 3
2468 5
2469 3
2473 3
2476 3
2478 5
2481 5
2484 5
2487 5
2490 3
2493 3
2499 5
2504 5
2507 5
2510 3
2516 3
2522 5
2525 3
2528 5
2531 5
2534 5
2537 3
2539 5
2541 5
2544 5
2547 5
2550 5
2553 5
2559 3
2562 5
2564 5
2565 3
2567 5
2568 3
2570 5
2571 3
2573 5
2574 3
2576 5
2577 3
2579 5
2580 3
2582 5
2584 5
2585 3
2587 5
2588 3
2590 5
2591 3
2593 5
2594 3
2596 5
2597 3
2599 5
2600 3
2602 5
2603 3
2605 5
2606 3
2608 5
2609 3
2611 5
2612 3
2614 5
2615 3
2617 5
2618 3
2620 5
2621 3
2623 5
2624 3
2626 5
2627 3
2629 5
2630 3
2631 5
2632 3
2634 5
2635 3
2637 5
2649 3
2656 5
2665 5
2670 5
2671 3
2677 5
2686 5
2691 3
2701 5
2703 5
2705 3
2710 3
2715 5
2719 5
2722 3
2725 5
2730 5
2735 5
2743 5
2746 5
2752 5
2757 5
2763 3
2766 3
2772 5
2775 5
2781 5
2784 3
2787 5
2790 5
2794 3
2801 3
2804 3
2807 5
2810 3
2815 3
2817 3
2820 3
2823 5
2827 1
2828 5
2833 5
2836 3
2844 5
2847 5
2850 5
2853 5
2856 5
2859 3
2865 3
2868 5
2871 5
2874 3
2877 3
2880 5
2883 5
2886 5
2889 5
2894 5
2897 5
2902 3
2910 5
2916 3
2920 3
2924 3
2927 3
2935 5
2938 3
2941 3
2944 3
2946 5
2948 5
2951 5
2957 3
2959 5
2961 5
2969 3
2977 3
2979 5
2984 3
2990 3
2992 5
2999 3
3008 3
3014 5
3019 3
3025 3
3028 5
3031 3
3042 5
3045 5
3048 3
3051 3
3053 3
3056 5
3066 5
3069 3
3077 5
3089 3
3100 3
3110 5
3122 5
3130 3
3141 3
3150 5
3153 3
3162 3
3168 5
3174 5
3177 3
3183 5
3187 5
3192 5
3196 3
3200 3
3204 3
3205 5
3212 5
3216 3
3219 3
3230 3
3239 3
3248 5
3261 5
3277 3
3291 3
3294 3
3315 3
3318 3
3324 3
3338 3
3341 3
3352 3
3355 3
3377 3
3381 3
3384 3
3396 3
3399 3
3420 5
3423 3
3426 5
3430 5
3433 5
3441 5
3444 3
3473 3
3479 3
3482 3
3485 5
3493 3
3508 3
3512 3
3524 3
3530 3
3535 3
3547 5
3558 3
3569 3
3572 3
3580 3
3591 5
3610 3
3616 5
3628 3
3654 3
3668 3
3677 3
3680 3
3685 5
3688 3
3691 5
3699 3
3702 5
3705 5
3708 5
3715 3
3718 5
3722 3
3723 5
3727 5
3731 3
3734 3
3737 5
3743 3
3751 3
3754 3
3758 3
3767 5
3773 5
3777 5
3781 3
3784 3
3788 3
3789 5
3794 3
3801 5
3804 5
3814 3
3829 5
3839 3
3845 3
3857 5
3863 5
3887 3
3890 5
3893 3
3910 5
3915 5
3934 5
3940 5
3943 5
3946 5
3951 5
3954 5
3962 5
3966 3
3971 3
3974 3
3978 3
3982 3
3985 3
3987 5
3990 5
3995 3
4000 5
4004 3
4005 5
4009 5
4012 3
4014 5
4017 5
4022 3
4026 3
4030 3
4032 5
4035 5
4039 3
4046 3
4047 5
4050 3
4054 3
4061 3
4071 3
4083 5
4086 5
4089 3
4099 3
4105 5
4110 5
4113 5
4121 5
4135 5
4142 3
4149 5
4164 3
4173 3
4181 5
4184 5
4198 3
4204 3
4207 3
4222 3
4225 3
4234 3
4240 3
4251 5
4257 5
4275 5
4278 3
4297 3
4315 3
4330 5
4333 3
4336 5
4339 3
4344 3
4349 5
4357 5
4362 5
4368 3
4372 3
4376 5
4382 3
4385 5
4395 5
4404 3
4405 5
4408 5
4411 5
4414 5
4417 5
4420 5
4423 5
4426 5
4437 5
4440 3
4443 5
4449 3
4452 5
4461 5
4463 3
4466 5
4470 5
4478 5
4482 3
4494 5
4505 5
4520 3
4526 5
4534 5
4548 5
4556 3
4559 5
4565 5
4571 5
4586 5
4595 5
4609 3
4622 5
4628 5
4630 3
4650 5
4653 5
4656 5
4659 5
4662 5
4675 3
4676 5
4679 5
4685 5
4691 3
4697 5
4709 3
4712 3
4718 5
4727 5
4735 3
4738 3
4747 5
4751 5
4773 5
4780 5
4783 5
4791 5
4798 5
4804 5
4810 3
4816 3
4825 5
4832 5
4836 3
4860 3
4863 5
4866 5
4875 5
4883 3
4886 5
4895 5
4898 5
4907 5
4917 3
4939 5
4942 5
4945 5
4947 5
4955 2
1820 3
1822 3
4 2
7 2
15 2
19 2
25 2
30 2
33 2
37 2
40 2
43 2
46 2
48 2
53 2
64 2
67 2
71 2
74 2
77 2
79 2
85 2
88 2
91 2
94 2
107 2
110 2
116 2
124 2
132 2
135 2
138 2
141 2
144 2
149 2
152 2
167 2
172 2
177 2
180 2
183 2
193 2
196 2
199 2
202 2
205 2
213 2
215 2
218 2
221 2
224 2
227 2
230 2
233 2
239 2
242 2
245 2
248 2
251 2
253 2
256 2
258 2
261 2
264 2
267 2
270 2
273 2
276 2
279 2
282 2
466 2
495 2
504 2
507 2
512 2
519 2
529 2
537 2
580 2
587 2
596 2
599 2
602 2
608 2
620 2
652 2
676 2
684 2
710 2
720 2
731 2
749 2
756 2
768 2
783 2
791 2
799 2
817 2
820 2
849 2
855 2
864 2
870 2
876 2
885 2
888 2
893 2
896 2
899 2
914 2
939 2
966 2
976 2
982 2
1072 2
1083 2
1108 2
1136 2
1143 2
1148 2
1151 2
1169 2
1178 2
1185 2
1236 2
1267 2
1272 2
1281 2
1306 2
1309 2
1330 2
1355 2
1372 2
1397 2
1405 2
1447 2
1462 2
1493 2
1505 2
1518 2
1545 2
1556 2
1559 2
1574 2
1577 2
1580 2
1588 2
1600 2
1604 2
1607 1
1634 2
1654 2
1666 1
1687 2
1691 2
1712 2
1718 2
1734 2
1759 2
1780 2
1790 2
1818 2
1821 1
1833 2
1836 2
1915 2
1918 2
1947 2
1954 2
1968 2
1975 2
1985 2
1992 2
2034 2
2037 2
2050 2
2057 2
2097 2
2112 2
2128 2
2144 2
2149 2
2161 2
2165 2
2188 2
2191 2
2219 2
2227 2
2247 2
2263 2
2266 2
2279 2
2281 2
2284 2
2287 2
2309 2
2325 2
2341 2
2347 2
2359 1
2362 2
2371 2
2384 2
2394 2
2406 2
2409 2
2443 2
2446 2
2455 2
2461 2
2470 2
2494 2
2498 2
2513 2
2519 2
2556 2
2566 2
2569 2
2572 2
2575 2
2578 2
2581 2
2583 2
2586 2
2589 2
2592 2
2595 2
2598 2
2601 2
2604 2
2607 2
2610 2
2613 2
2616 2
2619 2
2622 2
2625 2
2628 2
2633 2
2636 2
2640 2
2643 2
2646 2
2651 2
2655 2
2659 2
2662 2
2668 2
2672 2
2680 2
2683 2
2694 2
2698 2
2706 2
2711 2
2718 2
2727 2
2732 2
2738 2
2742 2
2749 2
2756 2
2760 2
2769 2
2778 2
2795 2
2798 2
2811 2
2830 2
2839 2
2862 2
2893 2
2899 2
2905 2
2909 2
2912 2
2918 2
2922 2
2929 2
2932 2
2953 2
2964 2
2967 2
2971 2
2974 2
2982 2
2986 2
2995 2
3002 2
3005 2
3017 2
3034 2
3081 2
3097 2
3116 2
3127 2
3136 2
3139 2
3147 2
3156 2
3159 2
3182 2
3191 2
3195 2
3226 2
3237 2
3263 2
3266 2
3269 2
3272 2
3289 2
3300 2
3321 2
3330 2
3336 2
3350 2
3372 2
3376 2
3387 2
3390 2
3408 2
3411 2
3447 2
3450 2
3453 2
3462 2
3464 2
3478 2
3496 2
3499 2
3502 2
3519 2
3567 2
3579 2
3587 2
3596 2
3607 2
3613 2
3625 2
3631 2
3645 2
3674 2
3714 2
3757 2
3787 2
3792 2
3808 2
3820 2
3848 2
3871 2
3874 2
3885 2
3907 2
3919 2
3923 2
3931 2
3937 2
3947 2
3959 2
3968 2
3976 2
3980 2
3997 2
4006 2
4020 2
4029 2
4041 2
4053 2
4057 2
4074 2
4077 2
4080 2
4109 2
4126 2
4138 2
4148 2
4162 2
4170 2
4176 2
4189 2
4192 2
4195 2
4210 2
4272 2
4281 2
4291 2
4300 2
4312 2
4320 2
4348 2
4356 2
4371 2
4391 2
4398 2
4401 2
4491 2
4508 2
4523 2
4533 2
4537 2
4547 1
4591 2
4616 2
4636 2
4647 2
4671 2
4706 2
4724 2
4731 2
4790 2
4795 2
4813 2
4815 2
4821 2
4828 2
4844 2
4853 2
4904 2
4910 2
4932 2
4951 2
4953 1
236 1
3079 1
3527 1
403 1
3 1
1758 1
2246 1
